🎯 카테고리별 실제 mAP 성능 @IoU=0.75: 17000
카테고리            AP       Precision  Recall     F1-Score   TP    FP    FN
-------------------------------------------------------------------------------------
  탑             0.2263   0.5517     0.2807     0.3721     80    65    205
  블라우스          0.5222   0.6355     0.6415     0.6385     204   117   114
  티셔츠           0.4635   0.6358     0.5512     0.5905     323   185   263
  니트웨어          0.4495   0.6476     0.5052     0.5676     147   80    144  
  셔츠            0.5348   0.5941     0.6414     0.6169     161   110   90
  브라탑           0.1240   0.4167     0.2778     0.3333     5     7     13
  후드티           0.5774   0.8037     0.6968     0.7464     131   32    57
  청바지           0.6659   0.7732     0.7907     0.7818     525   154   139
  팬츠            0.6366   0.7487     0.7301     0.7393     587   197   217
  스커트           0.7657   0.8026     0.8302     0.8161     435   107   89
  레깅스           0.0000   0.0000     0.0000     0.0000     0     0     0
  조거팬츠          0.5529   0.7174     0.6972     0.7071     99    39    43
  코트            0.6826   0.7757     0.7757     0.7757     166   48    48
  재킷            0.5712   0.7143     0.6783     0.6958     175   70    83
  점퍼            0.4652   0.6032     0.5969     0.6000     114   75    77
  패딩            0.8061   0.9040     0.8556     0.8791     160   17    27
  베스트           0.6759   0.7709     0.7753     0.7731     138   41    40
  가디건           0.4771   0.6413     0.5960     0.6178     118   66    80
  짚업            0.5019   0.4653     0.6104     0.5281     47    54    30
  드레스           0.6796   0.8051     0.7308     0.7661     190   46    70
  점프수트          0.7827   0.8675     0.8521     0.8597     144   22    25

  🏷️ 분류 성능:
  - 정확도: 0.5983
  - 균형 정확도: 0.5741
  - Macro F1: 0.5714
  - Weighted F1: 0.5941

  📊 탐지 성능 @IoU=0.5:
  - Precision: 0.7521
  - Recall: 0.7103
  - F1-Score: 0.7306
  - Mean AP: 0.5594
  - TP: 4122, FP: 1359, FN: 1681

  🎯 카테고리별 실제 mAP 성능 @IoU=0.75: 8600
카테고리            AP       Precision  Recall     F1-Score   TP    FP    FN
-------------------------------------------------------------------------------------
  탑             0.2193   0.5294     0.2526     0.3420     72    64    213
  블라우스          0.5254   0.6361     0.6101     0.6228     194   111   124
  티셔츠           0.4634   0.6524     0.5478     0.5955     321   171   265
  니트웨어          0.3671   0.5830     0.4708     0.5209     137   98    154
  셔츠            0.4676   0.6234     0.5936     0.6082     149   90    102
  브라탑           0.1273   0.2500     0.1111     0.1538     2     6     16
  후드티           0.5790   0.8101     0.6809     0.7399     128   30    60
  청바지           0.6630   0.7906     0.7846     0.7876     521   138   143
  팬츠            0.6402   0.7595     0.7189     0.7387     578   183   226
  스커트           0.7716   0.8052     0.8282     0.8166     434   105   90
  레깅스           0.0000   0.0000     0.0000     0.0000     0     0     0
  조거팬츠          0.6267   0.7254     0.7254     0.7254     103   39    39
  코트            0.6894   0.7923     0.7664     0.7791     164   43    50
  재킷            0.5607   0.7012     0.6550     0.6774     169   72    89
  점퍼            0.4070   0.6446     0.5602     0.5994     107   59    84
  패딩            0.7978   0.9040     0.8556     0.8791     160   17    27
  베스트           0.6634   0.7487     0.7865     0.7671     140   47    38
  가디건           0.5362   0.6421     0.6162     0.6289     122   68    76
  짚업            0.5035   0.4811     0.6623     0.5574     51    55    26
  드레스           0.6735   0.7819     0.7308     0.7555     190   53    70
  점프수트          0.7766   0.8588     0.8639     0.8614     146   24    23

  🏷️ 분류 성능:
  - 정확도: 0.6010
  - 균형 정확도: 0.5750
  - Macro F1: 0.5703
  - Weighted F1: 0.5956

  📊 탐지 성능 @IoU=0.5:
  - Precision: 0.7560
  - Recall: 0.6984
  - F1-Score: 0.7261
  - Mean AP: 0.5470
  - TP: 4053, FP: 1308, FN: 1750